 1:  [[0 1]
     [2 3]]

 2:  [[2 3]
     [1 1]]

 3:  [[1 1]
     [2 4]]

 4:  [[2 4]
     [3 4]]

 5:  [[3 4]
     [3 0]]

 6:  [[3 0]
     [0 3]]

 7:  [[0 3]
     [1 4]]

 8:  [[1 4]
     [3 3]]

 9:  [[3 3]
     [1 2]]

10:  [[1 2]
     [4 2]]

11:  [[4 2]
     [4 0]]

12:  [[4 0]
     [0 4]]

13:  [[0 4]
     [3 2]]

14:  [[3 2]
     [4 4]]

15:  [[4 4]
     [3 1]]

16:  [[3 1]
     [2 1]]

17:  [[2 1]
     [2 0]]

18:  [[2 0]
     [0 2]]

19:  [[0 2]
     [4 1]]

20:  [[4 1]
     [2 2]]

21:  [[2 2]
     [4 3]]

22:  [[4 3]
     [1 3]]

23:  [[1 3]
     [1 0]]

24:  [[1 0]
     [0 1]]